30
1 34 36 54 114 130 170 216 310 315 326 331 401 421 437 448 470 478 602 654 689 708 737 762 764 776 777 789 825 841 856 872 916 946 956 986
2 55 123 145 147 177 300 302 349 353 357 359 391 432 450 489 542 562 609 655 668 675 769 774 804 835 862 925 943 966
3 31 61 99 106 138 192 297 301 312 325 332 344 348 386 397 403 490 517 586 703 738 754 780 786 790 811 820 821 847 850 857 884 906 908 923 929 981
4 10 43 62 63 70 113 140 181 236 268 270 306 345 368 422 436 454 472 536 539 563 589 608 631 678 688 704 743 748 802 940 947
5 9 17 30 88 94 125 155 178 263 267 280 293 381 399 426 509 518 558 593 603 635 637 641 650 697 710 718 730 758 828 839 849 854 873 888 926 954 978 983
6 92 122 131 144 172 213 299 323 334 343 392 626 656 772 773 816 870 922 987
7 39 51 82 115 117 161 183 218 222 223 227 237 248 283 311 321 356 410 415 429 452 458 483 521 551 554 621 651 662 680 719 740 801 813 843 851 866 868 883 887 889 901 921 942
8 12 53 134 135 163 194 207 246 253 317 378 383 529 597 605 607 619 639 712 742 755 761 779 824 848 874 959 963 975
11 38 93 107 119 137 159 220 260 407 442 462 467 502 505 540 627 636 707 739 745 750 753 766 795 817 836 965 996
13 48 83 112 132 148 156 167 200 219 224 243 250 254 273 294 322 340 361 366 412 465 519 525 565 581 596 600 644 645 663 674 683 726 759 788 864 899 964 967 1000
14 25 87 104 160 164 171 197 241 379 382 388 390 402 460 474 476 514 516 528 538 550 564 685 751 798 805 814 831 842 880 882 903 905 973 991
15 24 45 74 109 120 136 189 195 196 209 234 259 279 303 319 434 471 479 500 523 534 557 601 625 640 676 701 705 734 746 765 803 826 830 915 938 962 980 994
16 18 72 76 95 150 215 245 249 265 314 320 335 347 395 468 480 485 493 577 585 588 599 614 647 664 677 681 691 692 714 721 729 823 890 904 945 951 974 977
19 52 71 89 101 154 240 288 371 372 495 548 567 591 620 633 670 717 724 744 747 757 808 818 829 845 869 914 927 939 993
20 44 69 73 103 174 210 278 285 307 354 373 384 389 413 425 451 453 456 482 501 530 547 560 576 580 606 622 646 657 679 682 700 770 840 853 855 900 933
21 57 80 251 261 272 287 339 396 445 473 477 507 522 553 623 709 736 837 891 894 920 998
22 64 65 121 180 186 190 198 199 225 233 239 289 291 309 374 420 492 532 595 643 648 669 694 733 749 800 819 949 976 982
23 35 49 59 66 68 79 203 211 221 262 292 393 406 409 419 431 488 494 511 555 561 574 629 711 768 793 875 886 992
26 28 84 128 217 226 255 256 282 316 330 333 341 363 424 439 459 520 559 573 615 716 720 725 787 858 897 917 919 972
27 41 75 97 111 124 139 175 264 337 380 385 387 446 487 533 569 610 612 618 693 715 783 833 910 930 941 968 985 990
29 60 91 98 116 168 229 238 271 296 328 342 362 370 398 440 556 611 672 698 727 799 815 876 918 948 989
32 102 133 151 257 284 324 351 355 365 428 457 461 466 503 527 545 568 578 582 587 592 658 735 827 913 924 960 997
33 47 58 105 158 187 235 269 274 275 346 350 360 418 443 464 469 499 613 642 794 885 902 907 936 950 952 988 999
37 50 81 100 110 118 126 127 142 143 157 184 193 212 230 286 295 329 375 394 417 449 513 526 537 546 570 571 590 624 630 659 781 792 807 810 859 867 877 878 881 912 979
40 86 90 146 149 277 281 411 441 444 455 484 496 524 552 566 634 652 760 767 806 809 812 832 838 852 861 871 896 944 961 970
42 176 205 206 242 244 247 266 318 400 408 427 504 543 598 617 653 660 661 713 722 723 784 785 892 893 934 937
46 56 67 108 169 231 276 305 313 338 352 405 414 430 491 506 510 512 535 544 649 665 671 686 695 699 702 741 756 771 775 782 791 895 898 909 932 971 995
77 96 141 153 162 166 173 182 191 201 202 204 214 252 298 358 364 416 423 433 481 579 594 628 632 638 667 687 706 822 879 958 984
78 85 129 179 290 308 327 336 367 369 377 435 447 463 508 531 541 583 584 673 684 731 778 796 834 844 846 860 863 865 928 931 935 953 955 957 969
152 165 185 188 208 228 232 258 304 376 404 438 475 486 497 498 515 549 572 575 604 616 666 690 696 728 732 752 763 797 911
